[25483.355837] [Project1] 9473 1588075273.536245238 1588075274.299969601
[25484.939644] [Project1] 9474 1588075275.161246599 1588075275.883797787
[25486.467217] [Project1] 9475 1588075276.693745502 1588075277.411389258
[25488.024413] [Project1] 9476 1588075278.220204842 1588075278.968604181
[25489.642316] [Project1] 9477 1588075279.809816471 1588075280.586527778
[25491.189101] [Project1] 9478 1588075281.395955243 1588075282.133330283
[25492.845092] [Project1] 9479 1588075282.967236087 1588075283.789342026
[25494.374855] [Project1] 9480 1588075284.594199790 1588075285.319124438
[25495.896205] [Project1] 9481 1588075286.145987699 1588075286.840493263
[25497.489324] [Project1] 9482 1588075287.670917283 1588075288.433632746
